image_width: 640
image_height: 480
camera_name: camLeft
camera_matrix:
  rows: 3
  cols: 3
  data: [502.22156413 ,0.    ,423.59392771,0.    ,503.07629405 ,244.60180021,0.,     0.,     1.           ]
distortion_model: plumb_bob
distortion_coefficients:
  rows: 1
  cols: 5
  data: [0.20101611 ,-0.47480968 ,-0.00121715 ,-0.0013842, 0.2680953]
rectification_matrix:
  rows: 3
  cols: 3
  data: [0.999978, 0.002789, -0.006046, -0.002816, 0.999986, -0.004401, 0.006034, 0.004417, 0.999972]
projection_matrix:
  rows: 3
  cols: 4
  data: [393.653800, 0.000000, 322.797939, 0.000000, 0.000000, 393.653800, 241.090902, 0.000000, 0.000000, 0.000000, 1.000000, 0.000000]
